65 35
65.1553 35.4134
65.1149 35.8616
64.9191 36.3376
64.6082 36.8344
64.2223 37.345
63.8015 37.8624
63.3863 38.3796
63.0166 38.8895
62.7328 39.3852
62.575 39.8597
62.575 39.8597
62.5329 40.3436
62.5581 40.8657
62.634 41.4164
62.744 41.9859
62.8716 42.5645
63.0002 43.1427
63.1132 43.7105
63.1939 44.2584
63.2259 44.7767
63.1926 45.2556
63.1926 45.2556
63.1001 45.7263
62.9684 46.2206
62.8015 46.73
62.6034 47.2457
62.3782 47.7593
62.1298 48.2621
61.8622 48.7454
61.5795 49.2008
61.2857 49.6196
60.9847 49.9931
60.9847 49.9931
60.6499 50.3391
60.2591 50.6796
59.8234 51.0128
59.3541 51.337
58.8623 51.6503
58.3591 51.9509
57.8557 52.2371
57.3632 52.5069
56.8928 52.7586
56.4556 52.9905
56.4556 52.9905
56.0237 53.2121
55.5657 53.4331
55.088 53.6512
54.5969 53.8642
54.0986 54.0699
53.5996 54.2659
53.106 54.4502
52.6243 54.6204
52.1606 54.7743
51.7213 54.9098
51.7213 54.9098
51.2768 55.0174
50.7999 55.0956
50.3006 55.1537
49.7888 55.201
49.2744 55.2467
48.7674 55.3003
48.2776 55.3709
47.815 55.4679
47.3895 55.6006
47.011 55.7782
47.011 55.7782
46.6682 56.0175
46.3409 56.32
46.0259 56.6725
45.7203 57.0617
45.4209 57.4743
45.1245 57.8973
44.8281 58.3172
44.5285 58.7208
44.2228 59.095
43.9077 59.4265
43.9077 59.4265
43.571 59.7396
43.2062 60.0646
42.8183 60.3971
42.4123 60.7328
41.9933 61.0674
41.5665 61.3965
41.1368 61.7158
40.7094 62.0209
40.2893 62.3075
39.8817 62.5712
39.8817 62.5712
39.4626 62.8343
39.0097 63.1163
38.5301 63.4084
38.0309 63.7018
37.5192 63.9878
37.0023 64.2577
36.4871 64.5025
35.9809 64.7137
35.4908 64.8825
35.0239 65
35.0239 65
34.55 65.0743
34.0405 65.12
33.5048 65.1377
32.9524 65.1283
32.3927 65.0926
31.8353 65.0315
31.2895 64.9457
30.7648 64.8362
30.2707 64.7036
29.8167 64.5488
29.8167 64.5488
29.385 64.3387
28.9519 64.0523
28.5174 63.7089
28.0817 63.3276
27.6449 62.9276
27.2072 62.5282
26.7686 62.1486
26.3293 61.808
25.8894 61.5257
25.449 61.3207
25.449 61.3207
24.9797 61.1956
24.4611 61.1302
23.9056 61.1098
23.3257 61.1198
22.7337 61.1455
22.142 61.1722
21.5632 61.1854
21.0095 61.1703
20.4935 61.1123
20.0276 60.9967
20.0276 60.9967
19.5862 60.819
19.1379 60.5906
18.6864 60.3202
18.2353 60.0169
17.7884 59.6895
17.3492 59.347
16.9214 58.9982
16.5086 58.6521
16.1145 58.3175
15.7428 58.0035
15.7428 58.0035
15.3683 57.6928
14.9697 57.3637
14.5563 57.0183
14.1377 56.6585
13.7233 56.2864
13.3224 55.904
12.9444 55.5134
12.5989 55.1165
12.2951 54.7154
12.0426 54.3121
12.0426 54.3121
11.8468 53.8737
11.6989 53.376
11.5867 52.8336
11.4978 52.2615
11.4201 51.6744
11.3412 51.0871
11.249 50.5144
11.1312 49.9712
10.9756 49.4721
10.7699 49.0322
10.7699 49.0322
10.4827 48.6362
10.1069 48.2565
9.66691 47.8888
9.18685 47.529
8.69099 47.1729
8.2036 46.8163
7.74894 46.4549
7.35124 46.0846
7.03477 45.7012
6.82378 45.3005
6.82378 45.3005
6.72657 44.8582
6.72115 44.3611
6.78626 43.8216
6.90066 43.2522
7.04312 42.6653
7.19239 42.0733
7.32723 41.4888
7.42639 40.924
7.46864 40.3915
7.43273 39.9036
7.43273 39.9036
7.30618 39.4347
7.10327 38.953
6.84292 38.4618
6.54402 37.9647
6.22549 37.465
5.90623 36.9662
5.60515 36.4717
5.34115 35.9848
5.13315 35.509
5.00004 35.0478
5.00004 35.0478
4.92531 34.5739
4.87928 34.0645
4.86115 33.5288
4.8701 32.9764
4.90532 32.4167
4.966 31.8592
5.05132 31.3133
5.16048 30.7886
5.29266 30.2944
5.44705 29.8402
5.44705 29.8402
5.65682 29.4084
5.94286 28.9751
6.28597 28.5403
6.66694 28.1043
7.06654 27.6672
7.46557 27.2291
7.84481 26.7902
8.18505 26.3506
8.46709 25.9105
8.6717 25.47
8.6717 25.47
8.79023 24.9954
8.83935 24.4635
8.83789 23.8901
8.80465 23.2911
8.75845 22.6823
8.71809 22.0798
8.7024 21.4992
8.73018 20.9565
8.82025 20.4676
8.99141 20.0483
8.99141 20.0483
9.25717 19.677
9.60768 19.3215
10.0267 18.9817
10.498 18.6577
11.0054 18.3494
11.5327 18.0569
12.0636 17.78
12.5819 17.5189
13.0713 17.2735
13.5158 17.0437
13.5158 17.0437
13.9555 16.8354
14.4339 16.6495
14.9393 16.4789
15.4598 16.3165
15.9839 16.1552
16.4998 15.9879
16.9958 15.8076
17.4601 15.607
17.8811 15.3791
18.247 15.1169
18.247 15.1169
18.562 14.7856
18.8437 14.3705
19.1009 13.8945
19.3424 13.3805
19.5768 12.8515
19.8128 12.3302
20.0593 11.8397
20.325 11.4027
20.6185 11.0422
20.9485 10.7811
20.9485 10.7811
21.3391 10.6241
21.7977 10.5482
22.3089 10.5345
22.8571 10.564
23.4268 10.6178
24.0024 10.6768
24.5684 10.7223
25.1093 10.7352
25.6095 10.6967
26.0535 10.5877
26.0535 10.5877
26.4627 10.4002
26.8695 10.1478
27.2741 9.84426
27.6768 9.50321
28.0781 9.13836
28.4782 8.76342
28.8775 8.39208
29.2765 8.03804
29.6753 7.715
30.0744 7.43664
30.0744 7.43664
30.4945 7.16484
30.9505 6.86173
31.4344 6.54138
31.9382 6.2179
32.4539 5.90536
32.9733 5.61787
33.4886 5.36951
33.9915 5.17436
34.4741 5.04653
34.9283 5.00009
34.9283 5.00009
35.3828 5.04435
35.866 5.16988
36.3699 5.36262
36.8863 5.60852
37.4071 5.89353
37.9242 6.2036
38.4296 6.52467
38.915 6.8427
39.3725 7.14363
39.7938 7.41342
39.7938 7.41342
40.1943 7.68987
40.5946 8.011
40.9953 8.36313
41.3964 8.73256
41.7983 9.10558
42.2013 9.46851
42.6057 9.80764
43.0117 10.1093
43.4196 10.3597
43.8298 10.5453
43.8298 10.5453
44.2743 10.6521
44.7746 10.6883
45.3155 10.6728
45.8813 10.6246
46.4566 10.5627
47.026 10.5063
47.5741 10.4742
48.0853 10.4854
48.5443 10.5591
48.9356 10.7142
48.9356 10.7142
49.2793 10.9633
49.6061 11.2957
49.9165 11.6954
50.2107 12.1465
50.4892 12.6329
50.7522 13.1388
51.0003 13.6481
51.2336 14.1449
51.4527 14.6132
51.6578 15.0371
51.6578 15.0371
51.8559 15.4476
52.0526 15.8824
52.2459 16.3357
52.4338 16.8013
52.6145 17.2734
52.7859 17.746
52.9463 18.213
53.0936 18.6685
53.2259 19.1065
53.3413 19.5211
53.3413 19.5211
53.4447 19.9349
53.5418 20.3706
53.632 20.8225
53.7148 21.2846
53.7894 21.7511
53.8554 22.2161
53.9121 22.6738
53.9589 23.1183
53.9952 23.5438
54.0204 23.9444
54.0204 23.9444
54.0185 24.3446
53.9816 24.768
53.9209 25.2072
53.8476 25.6547
53.7729 26.1033
53.7082 26.5455
53.6646 26.9739
53.6534 27.3813
53.6859 27.7601
53.7732 28.1031
53.7732 28.1031
53.9044 28.4207
54.0628 28.7297
54.2513 29.0318
54.4728 29.329
54.7301 29.6231
55.0261 29.916
55.3636 30.2096
55.7455 30.5056
56.1746 30.806
56.6538 31.1127
56.6538 31.1127
57.2728 31.4375
58.0832 31.7883
59.0314 32.1606
60.0634 32.5501
61.1254 32.9523
62.1635 33.3628
63.1238 33.7772
63.9526 34.1912
64.5959 34.6003
65 35
